Resumen de las 20 ejecuciones:
    run_id        seed algorithm  best_score  baseline_reference
0        1  1762748519       PSO    0.180123            0.161079
1        1  1762748519       WOA    0.208823            0.161079
2        1  1762748519       GWO    0.177850            0.161079
3        1  1762748519        FA    0.162963            0.161079
4        2  1762768404       PSO    0.162019            0.161079
5        2  1762768404       WOA    0.208823            0.161079
6        2  1762768404       GWO    0.177850            0.161079
7        2  1762768404        FA    0.162963            0.161079
8        3  1762790648       PSO    0.173630            0.161079
9        3  1762790648       WOA    0.208823            0.161079
10       3  1762790648       GWO    0.177850            0.161079
11       3  1762790648        FA    0.162963            0.161079
12       4  1762812230       PSO    0.172902            0.161079
13       4  1762812230       WOA    0.208823            0.161079
14       4  1762812230       GWO    0.177850            0.161079
15       4  1762812230        FA    0.162963            0.161079
16       5  1762835824       PSO    0.186570            0.161079
17       5  1762835824       WOA    0.208823            0.161079
18       5  1762835824       GWO    0.177850            0.161079
19       5  1762835824        FA    0.162963            0.161079